11,301,171,175,176,161,67,23,99,171,171,171,161,73,32,95,1475,1514,1514,1514,1514,1515,1516,1516,1519,1522,1523,1524,1522,1049,174,173,175,173,173,174,175,176,175,175,175,175,175,175,41,90,176,177,174,174,18,934,1521,1518,1509,1073,175,177,171,171,171,124,5
9,9,1366,1519,1518,713,177,177,176,70,87,22,172,172,172,172,74,108,17,841,1514,1515,1519,1520,1519,1519,1516,1523,1521,1521,1519,1520,1525,1520,399,175,175,176,176,176,176,176,176,176,176,174,175,174,121,9,173,172,172,172,96,209,1508,1508,1508,1507,1508,292,180,173,172,172,172,28
8,11,1323,1556,1394,180,180,180,161,72,21,106,176,176,176,164,78,30,100,1526,1546,1544,1544,1545,1541,1537,1539,1541,1545,1543,1543,1546,1548,834,176,176,176,176,177,176,176,176,176,177,176,176,176,174,15,117,175,175,175,153,12,1204,1546,1544,1548,1547,295,183,177,176,176,176,29,6,5,6,6,5,6,6,6,6,6
61,42,4,4,4,4,11,652,1496,1496,1481,169,169,169,168,62,38,86,173,173,173,173,64,47,81,1366,1520,1522,1523,1521,1517,1518,1521,1522,1528,1528,1528,1529,936,174,174,175,174,174,174,175,175,175,175,175,175,176,175,26,104,175,174,174,165,13,1078,1532,1534,1541,1542,507,181,177,175,175,175,54
5,38,12,1540,1537,1040,174,175,176,114,88,10,145,175,175,175,119,96,11,463,1530,1532,1530,1529,1530,1535,1537,1535,1536,1538,1536,1532,1013,176,177,176,177,176,177,176,177,178,178,177,178,180,180,36,97,177,178,178,176,15,1018,1562,1557,1553,1556,1349,179,184,177,177,177,155,9
12,691,1498,1506,550,178,177,177,63,75,39,170,170,170,170,61,94,34,965,1492,1487,1481,1485,1492,1494,1493,1491,1494,1499,1495,718,172,173,173,173,173,172,173,173,173,174,174,174,175,162,14,128,174,175,175,143,10,1298,1520,1519,1515,271,181,174,174,174,174,25,5
11,372,1510,1513,1522,966,174,174,174,105,90,10,153,172,172,172,109,98,10,541,1529,1530,1532,1532,1533,1534,1532,1529,1530,1532,1530,1528,1526,616,176,177,177,177,177,177,177,177,176,177,177,177,177,151,12,143,174,174,174,130,9,1421,1513,1512,1513,1078,175,178,173,173,173,125,6
11,1028,1526,1596,1341,172,173,177,155,78,18,203,591,236,173,157,80,26,111,1519,1517,1513,1511,1513,1508,1504,1507,1513,1517,1512,1513,1514,263,173,173,174,173,174,174,173,174,174,174,174,174,174,109,19,172,172,172,173,92,298,1501,1506,1512,1512,418,178,173,172,173,172,44,5
9,9,1474,1539,1112,174,174,175,122,90,11,139,175,175,175,128,97,12,400,1551,1552,1552,1550,1551,1549,1553,1558,1562,1566,1564,1561,835,179,178,177,177,177,177,177,177,177,178,178,178,177,174,15,118,176,176,176,153,11,1219,1541,1546,1547,1548,424,183,177,176,176,176,44
10,1167,1494,1496,1194,171,171,171,133,86,12,120,169,169,169,138,92,13,252,1481,1478,1480,1484,1487,1488,1486,1483,1486,1490,1491,1488,1439,172,172,173,173,173,173,173,173,173,173,173,174,174,173,91,37,173,172,173,173,69,462,1504,1501,1500,1499,682,177,175,173,173,173,77
11,393,1557,1559,436,177,177,177,63,70,55,176,176,176,178,65,82,50,1128,1558,1562,1561,1550,1540,1543,1550,1552,543,178,179,178,178,178,178,179,178,178,178,178,179,179,144,11,156,179,179,178,123,9,1546,1515,1504,782,177,177,174,175,174,90
12,214,561,176,176,177,65,83,40,175,175,175,175,64,98,37,998,1547,1556,1554,1551,1551,1545,1544,1541,1538,1540,1542,617,178,178,178,178,177,177,177,178,178,177,177,177,178,152,13,147,177,177,177,135,11,1444,1544,1544,1545,649,182,180,177,177,177,73
13,996,1452,522,169,169,171,62,78,39,169,170,168,168,61,96,34,925,1426,1433,1470,1467,1432,1439,1466,1439,1428,1438,1468,1200,170,172,173,173,173,177,178,176,174,176,175,172,175,173,64,63,172,171,173,174,43,700,1512,1515,1495,706,177,175,172,174,175,83
12,227,172,172,172,76,96,16,174,173,173,173,83,101,12,778,1502,1496,1493,1491,1489,1493,1495,1494,1487,1489,1494,1142,172,172,172,172,172,172,172,172,172,172,172,172,171,171,65,74,172,172,172,172,34,784,1227,175,180,173,174,174,145,10
9,9,159,176,177,179,60,51,70,173,174,175,175,65,65,65,1236,1531,1534,1538,1542,1539,1534,1533,1533,1533,1531,1530,1348,176,177,177,176,176,177,178,177,177,177,178,178,178,177,77,54,176,177,177,176,54,610,1525,1522,1518,1519,207,182,176,176,176,176,17,5
11,154,1519,1523,1526,897,177,177,177,98,86,9,161,173,173,173,101,98,9,609,1507,1505,1505,1501,1500,1500,1495,1498,1495,1499,1512,691,175,174,174,174,175,175,175,175,174,174,174,175,175,158,13,133,175,175,175,139,10,1326,1518,1519,1516,693,180,178,175,176,175,79,5
10,1397,1516,1518,1520,432,175,176,176,64,67,53,171,171,171,171,62,80,48,1092,1512,1515,1507,1507,1511,1509,1515,1518,1509,1506,1508,1518,1519,1033,175,175,174,174,174,173,173,173,173,173,172,173,172,172,37,90,174,174,174,174,17,948,1510,1506,1507,1505,1005,177,179,174,174,174,118,5
12,368,1536,1540,1538,1252,178,177,178,142,78,12,120,174,174,174,145,93,14,228,1522,1514,1510,1520,1522,1510,1513,1516,1518,1514,1520,1522,1512,1514,247,176,175,176,176,176,176,177,177,176,177,177,177,176,109,21,175,175,176,176,86,324,1535,1527,1525,1526,1455,175,182,175,175,175,167,11
11,178,1538,1538,921,175,176,176,98,91,10,161,174,174,174,104,99,10,609,1537,1540,1542,1543,1544,1544,1544,1547,1546,1545,1544,602,176,176,176,176,176,177,177,177,177,177,177,177,177,150,11,148,177,178,178,129,10,1494,1559,1556,1556,683,183,180,178,178,178,77,5
14,95,173,173,174,88,92,9,172,175,175,175,94,91,10,700,1540,1538,1538,1541,1543,1547,1548,1544,1548,1500,179,179,179,178,178,179,178,178,178,178,178,179,180,181,95,39,178,178,178,179,72,471,1541,1538,1536,695,181,180,176,177,177,80,7
9,1444,1539,1544,184,176,176,177,61,43,86,177,177,177,177,66,54,70,1371,1546,1547,1545,1547,1549,1545,1545,1547,1547,1545,1546,1547,225,177,178,178,178,178,178,178,179,178,179,179,178,179,107,25,178,178,178,178,84,361,1567,1568,1556,510,183,179,178,178,178,54
13,549,1448,1452,1353,175,175,175,161,68,27,98,171,171,171,164,71,35,93,1394,1486,1484,1507,1502,1469,1453,1475,1472,1475,1474,510,171,172,172,172,172,172,173,173,173,174,174,174,175,141,11,152,172,172,172,118,9,1480,1485,1488,1481,579,177,174,172,172,172,66
6,41,5,5,13,810,1500,1222,172,172,172,137,87,13,119,172,172,172,143,94,15,234,1508,1507,1512,1513,1514,1510,1506,1509,1515,1516,1516,696,175,175,175,176,176,175,175,174,175,175,175,175,176,160,13,133,175,175,176,140,11,1335,1520,1525,1522,563,181,178,176,176,176,61
45,7,12,41,175,177,177,145,87,14,119,175,175,175,150,93,18,206,1529,1529,1527,1528,1528,1529,1526,1527,1525,1522,1524,606,176,176,176,176,176,176,176,176,176,176,175,176,175,150,14,139,175,175,175,129,11,1413,1514,1519,1521,591,181,177,175,175,175,65
8,11,301,173,173,176,63,92,34,178,177,177,177,68,102,23,937,1544,1538,1546,1550,1552,1534,1535,1532,1533,1535,1387,177,177,179,179,178,177,176,177,177,177,177,176,177,178,82,51,177,176,176,176,59,584,1539,1538,1538,1024,182,185,179,178,178,120,1
11,470,1509,1502,500,177,177,176,62,71,44,173,173,173,173,63,89,39,1015,1509,1502,1502,1503,1507,1501,1498,1503,1502,1500,1498,1327,174,174,174,173,173,173,173,173,173,173,173,173,173,173,76,52,173,173,173,173,54,561,1500,1499,1503,1070,175,178,173,173,173,125,6
10,9,1540,426,181,180,178,61,61,57,176,176,176,176,64,80,51,1125,1535,1532,1531,1527,1526,1527,1530,1538,1541,1544,1537,1535,453,176,176,176,176,176,176,176,176,176,176,176,176,176,132,10,168,179,179,179,112,110,1565,1560,1562,1566,871,182,182,178,178,178,100
9,9,1399,1508,177,177,178,172,63,36,94,180,176,176,176,66,44,87,1439,1561,1554,1552,1549,1546,1540,1540,1542,1540,1535,1346,176,176,176,176,176,176,176,176,175,175,175,175,175,175,75,55,177,177,177,177,53,628,1535,1534,1535,1333,176,182,176,176,176,153,9
11,35,134,87,12,339,1533,1532,1539,1540,1535,1535,1535,791,174,176,177,176,91,38,176,176,176,176,69,152,177,181,175,175,175,140,7
9,9,1442,1521,1520,491,176,176,177,65,74,47,173,173,173,173,63,87,43,1064,1548,1546,1544,1544,1545,1546,1549,1547,1547,1548,1549,1542,751,178,178,178,178,178,178,178,178,178,178,178,178,178,167,13,127,178,178,176,146,11,1280,1524,1529,1528,640,180,178,175,175,175,72
6,6,5,5,11,154,1519,1523,1526,897,177,177,177,98,86,9,161,173,173,173,101,98,9,609,1507,1505,1505,1501,1500,1500,1495,1498,1495,1499,1512,691,175,174,174,174,175,175,175,175,174,174,174,175,175,158,13,133,175,175,175,139,10,1326,1518,1519,1516,693,180,178,175,176,175,79,5
12,41,175,175,176,144,88,14,118,176,176,176,151,93,18,201,1570,1557,1551,1553,1552,1551,1551,1552,1557,1560,1106,179,179,179,179,179,179,179,178,178,178,177,176,176,176,44,87,176,176,176,176,22,916,1534,1533,1533,702,181,180,176,176,176,79
11,175,1449,410,168,170,172,61,69,53,171,173,173,172,63,81,48,1084,1489,1467,1481,1500,1503,1509,1485,1501,1513,1512,1490,1471,306,174,174,174,171,173,174,174,174,174,174,174,174,174,116,9,175,175,175,175,94,242,1502,1491,1496,775,178,177,173,173,173,90
14,842,1560,1266,182,182,182,145,84,13,124,178,178,178,147,97,15,248,1570,1576,1568,1559,1561,1558,1558,1560,1564,1563,1560,1563,197,180,180,180,179,180,181,180,180,180,180,180,180,180,103,30,180,180,180,179,79,405,1559,1558,1558,760,184,182,179,179,179,86
18,5,5,22,11,33,169,171,172,148,81,16,108,170,170,170,152,83,24,136,1474,1477,1477,1477,1480,1481,1479,1479,1480,1481,1484,479,173,173,173,173,173,173,173,173,173,173,173,173,173,134,10,157,173,173,173,114,50,1481,1484,1490,999,176,178,172,172,172,118,6
12,684,1536,1534,1533,212,177,178,177,61,44,82,175,175,175,175,64,53,76,1325,1526,1523,1521,1521,1515,1514,1513,1512,1508,1508,1506,1504,1360,174,175,175,175,174,174,174,174,174,174,174,174,174,174,81,47,174,174,174,174,59,551,1500,1496,1494,1495,1405,174,181,173,173,173,164,11
7,12,192,177,178,179,74,94,21,176,176,176,176,82,103,16,836,1534,1524,1519,1524,1524,1520,1520,1523,1525,855,177,177,178,178,178,178,179,179,179,179,178,179,179,179,16,114,177,177,177,159,13,1167,1537,1534,1033,180,183,178,178,178,123,1
11,52,170,170,170,127,87,11,128,172,172,172,133,94,12,316,1499,1496,1492,1488,1484,1488,1484,1493,1493,1489,428,174,174,173,174,174,174,174,173,173,173,173,173,173,129,10,162,173,173,173,109,96,1492,1489,1492,1316,175,181,174,174,174,154,4
71,58,11,1338,1193,181,181,182,138,87,13,130,178,178,178,141,97,14,298,1542,1549,1549,1548,1547,1545,1540,1539,1537,1537,1537,1539,1541,432,178,178,178,178,178,178,178,178,178,178,178,178,178,131,10,169,178,178,178,110,129,1521,1521,1523,1531,715,183,181,178,178,178,82
12,473,1210,173,173,173,140,85,13,120,173,173,173,143,92,14,232,1488,1491,1496,1494,1490,1499,1500,1503,1502,1509,1511,350,176,175,176,177,177,177,178,177,177,176,176,177,177,121,11,178,178,178,178,99,210,1511,1512,1521,1355,177,182,175,175,175,155,4
10,9,1471,1108,171,172,172,125,92,11,132,171,171,171,129,93,12,352,1497,1482,1479,1495,1504,1493,1496,1496,1499,1502,1504,1503,1008,175,175,175,170,170,170,170,174,174,173,171,174,174,173,36,92,174,174,171,173,15,958,1469,1492,1509,1054,176,177,176,176,176,124
52,12,275,1450,178,179,179,171,67,32,96,174,174,174,172,69,40,91,1441,1528,1528,1527,1534,1535,1534,1533,1544,1541,1538,1536,661,178,178,178,178,178,178,178,178,178,178,178,178,178,157,13,141,179,179,179,138,11,1397,1542,1549,1547,234,186,179,178,178,178,18
59,95,91,86,81,78,76,74,74,73,72,72,72,72,71,71,71,71,71,71,71,32,13,43,39,663,2170,2187,2140,2166,2131,2134,2122,1091,86,100,103,137,92,145,95,128,106,117,125,85,84,142,103,129,123,112,133,88,140,108,120,120,106,135,73,37,21,96,93,121,80,129,84,66,31,1025,2149,2140,2117,2127,2084,2102,2061,2053,2082,2047,2045,2023,152,42,14,13,14,15,13,14,14,14,13,14,14,13,14,14,13,14,13,13,13,13,13,13,13,13,13,13,14,14,13,14,14,14,14,18,14,3,3,3,3,3,3,3,3,3,3,3,3,3,3,3,3,3,3,3,3,3,3,3,3,3,3,3,3,3,3,3,3,3,3,3,3,3,3,3,3
10,25,38,105,2171,2150,2177,2166,2117,2097,2132,553,2114,1451,86,99,2149,2136,2127,1732,189,197,200,194,179,553,2122,2115,2091,2095,2085,745,199,200,194,185,194,193,198,200,174,33,41,584,2131,2132,2095,52,32,323,2165,2079,2084,2064,2046,2092,2070,2077,2054,2061,760,652,2051,1260,36,23,14,14,15,15,13,14,14,19,14,3,3,3,3,3,3
18,21,102,69,65,81,104,106,107,106,106,105,97,1231,2225,2218,2211,2200,2187,960,1955,2048,167,170,190,190,190,192,170,183,186,192,191,190,163,185,188,188,183,189,182,189,191,191,191,190,189,189,190,191,192,189,199,184,193,194,191,182,198,184,191,191,191,189,200,187,194,194,193,182,201,184,192,193,193,188,194,189,194,192,192,191,186,193,186,189,193,192,184,197,183,190,191,191,183,198,185,191,190,190,184,197,184,193,176,86,22,105,133,148,185,195,195,154,109,43,851,2144,2152,2114,2103,2122,2086,2067,2074,2064,851,1689,1511,42,26,13,13,14,15,13,14,14,14,13,13,13,13,13,13,13,14,14,14,13,14,13,13,13,13,13,13,13,13,13,13,13,13,13,13,13,13,14,14,13,14,13,13,13,13,16,13,10,58,44,12,12,12
13,13,20,27,386,2107,2128,2088,2109,2085,2075,2074,2046,455,67,74,100,98,81,113,70,121,71,112,84,69,200,2114,2101,2068,370,129,142,155,175,152,141,147,175,160,138,130,154,171,169,143,142,142,171,121,47,40,39,32,43,16,17,60,122,145,117,134,116,134,63,28,921,2082,2095,2097,2094,2034,2040,2006,2028,2001,1995,2008,1982,2015,1971,1986,1973,1939,1377,28,23,13,13,15,15,13,13,14,13,13,13,13,13,13,13,13,14,14,13,13,13,13,13,13,13,13,13,13,13,13,13,13,13,13,13,13,13,14,14,13,13,13,13,14,13,17,13,7
9,28,1247,2152,2133,2130,2146,2119,2099,2082,2069,896,24,24,23,24,24,39,50,1251,2145,2137,2132,895,43,44,44,44,43,38,33,36,37,41,43,1211,2091,926,48,58,64,55,49,58,65,47,34,40,44,53,61,54,48,56,62,61,61,35,15,32,44,50,54,54,54,46,41,28,19,1176,2060,2051,2045,2034,2026,2018,2012,2011,2010,2015,2018,1994,1976,840,12,7,3,6,9,6,3,3,3,3,3,3,3,3,3,3,3,3,3,3,3,3,3,3,3,3,3,3,3,3,3,3,3,8,11,5
8,19,908,2110,2129,2086,2110,2073,2080,2063,2047,1174,25,48,28,40,32,16,29,1593,2083,2072,2080,2085,215,53,41,51,41,47,46,47,50,41,55,45,43,34,33,38,28,42,24,22,15,23,23,22,19,9,10,32,26,36,24,36,28,25,12,1249,2101,2112,2075,2094,2064,2053,2055,2049,2025,2036,2036,2019,2040,2004,2028,1997,1999,1975,855,13,4,3,3,7,6
2073,2129,2086,2152,2133,2143,2131,2110,2102,2107,1781,53,52,61,61,62,61,49,51,61,61,62,63,56,58,60,65,65,65,58,59,60,65,65,65,58,59,61,65,65,65,59,38,59,60,65,65,64,33,59,59,65,65,64,38,55,59,65,65,65,42,50,59,63,65,65,50,48,59,62,64,64,57,49,58,60,64,64,64,62,51,41,65,65,64,64,59,41,65,65,65,64,59,38,58,22,36,38,40,59,62,62,45,29,13,26,1427,2108,2096,2099,2104,2084,2074,2051,2040,2042,2043,2050,2053,2023,2009,2000,1996,1991,1988,656,8,5,3,7,9,5,3,3,3,3,3,3,3,3,3,3,3,3,3,3,3,3,3,3,3,3,3,3,3,3,3,3,3,3,3,3,3,3,3,3,3,3,3,3,3,3,3,3,3,3,3,3,3,3,3,3
16,26,1195,2076,2106,2129,2136,2146,2136,2156,2105,1956,50,49,25,25,24,25,40,181,2125,2124,2109,1970,55,54,45,45,45,45,46,46,44,44,45,45,45,45,45,45,45,43,24,24,24,24,25,25,28,27,13,15,35,35,33,33,38,36,9,144,2085,2085,2079,2078,2056,2055,2041,2042,2054,2051,2015,2014,2002,2001,1990,1862,3,3,3,3,3,3,3,3,3,3,3,3,3,3,3,3,3,3,3,3,3,3,3,3,3,3,3,3,3,3,3,3,3,3,3,3,3,3,3,3,3,3,3,3,3,3,1
10,26,757,2179,2176,2175,2148,2143,2115,2133,2125,2110,1408,25,24,24,26,29,24,14,711,2125,2123,2120,2115,2106,1418,44,39,29,37,55,55,54,54,55,51,44,51,66,60,50,55,66,61,50,55,65,60,50,56,67,65,61,57,50,53,60,61,61,42,3,19,51,49,45,39,29,26,21,31,51,744,2132,2126,2114,2094,2053,2047,2035,2043,2058,2061,2068,2062,2049,2039,2019,1349,9,7,3,5,9,7,3,3,3,3,3,3,3,3,3,3,3,3,3,3,3,3,3,3,3,3,3,3,3,3,3,3,3,3,3,3,3,3,3,3,3,3,3,6,18,3
16,20,536,2156,2182,2158,2133,2144,2113,2133,2098,1898,24,24,24,24,24,24,24,25,28,30,44,42,24,25,32,33,45,45,44,44,50,48,35,34,24,24,26,25,14,16,30,29,24,24,24,23,13,207,2106,2105,2095,2093,2077,2071,2017,2017,2019,2016,1983,1986,2014,2011,1982,1981,1967,1968,1971,1792,10,9,3,4,9,8,3,3,3,3,3,3,3,3,3,3,3,3,3,3,3,3,3,3,3,3,3,3,3,3,3,3,3,3,3,3,3,3,3,3,3,3,3,3,3
24,17,32,1529,2084,2098,2106,2090,2064,2080,2048,1904,24,24,24,24,24,24,33,32,29,30,44,43,24,24,28,29,45,45,44,45,50,48,24,24,24,24,26,25,19,19,29,29,24,24,24,24,15,164,2120,2120,2119,2117,2089,2086,2044,2044,2035,2036,2051,2048,2001,2001,1997,1997,1994,1993,1985,1845,3,3,3,4,9,8,3,3,3,3,3,3,3,3,3,3,3,3,3,3,3,3,3,3,3,3,3,3,3,3,3,3,3,3,3,3,3,3,3,3,3,3,3,10,8,1
10,21,45,1791,2150,2123,2099,2120,2088,2097,2064,2056,364,33,47,50,45,44,10,4,1745,2086,2080,2079,2091,2093,394,54,54,54,53,53,47,46,45,45,46,46,37,35,36,36,44,45,50,51,38,35,26,24,31,33,17,14,20,22,22,22,22,22,15,14,1734,2078,2062,2059,2056,2055,2039,2036,2046,2048,2036,2034,2033,2033,1991,1983,339,3,3,3,3,3,3,3,3,3,3,3,3,3,3,3,3,3,3,3,3,3,3,3,3,3,3,3,3,3,3,3,3,3,3,3,3,3,3,3,3,3,3,3,3,12,5
4,10,7,6,36,21,250,2158,2180,2152,2165,2135,2122,2137,2138,190,31,28,28,43,45,45,45,44,44,45,45,29,28,43,44,45,45,26,24,24,24,14,13,34,36,24,23,15,14,29,30,25,25,24,24,32,32,1966,2128,2144,2145,2138,2138,2122,2121,2080,2076,2060,2059,2062,2062,2084,2086,2049,2046,2012,2009,177,14,11,3,4,9,8,3,3,3,3,3,3,3,3,3,3,3,3,3,3,3,3,3,3,3,3,3,3,3,3,3,3,3,3,3,3,3,3,3,3,3,3,3,3,3