5,5,5,5,5,5,4,4,93,464,453,416,689,673,578,653,554,388,6,6,6,6,6,440,626,633,564,663,612,549,607,524,510,501,498,64
236,590,590,603,597,601,489,417,417,342,347,329,409,610,492,242,5,5,5,5,5,477,610,598,318,340,321,526,615,486,475,464,472,32
4,3,3,69,433,427,391,687,674,500,586,511,383,5,5,5,5,5,137,582,586,454,369,342,368,632,508,489,491,490,313,1
4,4,4,3,3,69,379,376,354,636,514,466,530,488,350,5,5,5,384,460,449,302,333,346,509,496,465,465,479,474,20
5,9,9,9,5,4,4,362,450,446,575,712,646,571,567,551,70,5,5,5,5,5,474,581,583,342,376,366,559,576,497,488,484,484,27
5,5,5,5,5,60,637,669,679,689,659,603,456,444,373,368,349,343,647,637,523,5,5,5,5,5,372,612,623,378,369,354,489,634,627,625,563,546,130
4,5,5,5,5,5,282,667,661,644,640,642,508,447,445,468,672,645,574,624,569,274,5,5,5,5,5,435,621,618,371,380,368,524,603,525,509,495,491,79
3,5,5,5,5,5,317,639,646,648,645,642,499,440,440,481,685,649,535,598,552,227,5,5,5,5,5,543,625,572,345,360,347,576,617,546,525,518,498
4,5,5,5,5,5,437,635,632,632,631,629,458,442,447,521,688,605,543,526,519,130,5,5,5,5,5,461,605,604,349,374,359,544,560,508,503,493,491,53
4,4,4,4,4,4,506,608,594,586,596,608,403,420,431,320,347,352,555,529,496,31,6,6,6,6,128,592,606,475,376,339,360,659,519,504,495,476,301
4,5,5,5,5,5,330,658,642,644,636,635,490,451,458,489,693,644,539,584,536,221,5,5,5,5,5,438,609,605,357,365,353,522,605,514,497,488,487,73
2,5,5,5,5,5,5,4,4,77,415,416,380,373,351,336,632,528,380,5,5,5,5,5,334,617,602,401,363,348,477,631,528,505,497,493,160
3,5,5,5,5,5,244,557,545,539,543,550,437,408,416,346,368,343,440,542,500,226,6,6,6,6,6,162,533,532,418,385,351,383,585,495,485,494,497,281
3,5,5,5,5,5,151,609,597,579,578,575,496,440,442,427,693,634,507,564,527,341,6,6,6,6,6,60,559,560,473,405,386,355,660,526,514,506,503,384
4,10,10,10,468,624,640,639,640,631,453,445,444,525,675,622,548,535,514,114,5,5,5,5,5,589,620,564,382,373,344,636,540,508,504,502,451
5,10,10,10,469,597,594,589,585,584,416,424,424,541,667,567,528,509,490,72,6,6,6,6,6,445,561,564,326,355,343,536,535,486,476,473,469,36
4,5,5,5,5,5,5,5,446,579,582,580,588,590,408,419,419,335,343,345,527,467,461,56,6,6,6,6,84,608,624,495,350,330,333,637,478,457,448,438,323
4,5,5,5,5,5,450,597,587,589,606,584,410,406,415,320,354,331,499,550,493,87,5,5,5,5,91,593,603,479,358,333,345,640,503,486,485,473,332
4,5,5,5,5,5,5,5,138,504,517,507,492,514,436,397,408,346,376,364,374,503,478,299,5,5,5,5,5,5,417,490,485,319,362,337,501,493,475,481,467,470,8
4,5,5,3,5,5,5,581,620,613,616,622,615,612,610,612,610,612,606,416,452,439,345,361,359,565,511,484,5,5,5,5,5,91,609,614,486,384,362,357,645,515,505,510,499,347
4,5,5,5,5,5,4,3,3,268,460,459,505,695,659,561,588,547,184,5,5,5,5,5,459,675,654,376,381,371,531,635,533,523,514,506,77
2,5,5,5,5,4,91,634,611,610,604,599,527,422,428,389,658,623,478,562,503,376,6,6,6,6,6,102,586,585,467,372,354,357,640,524,511,497,493,340
5,5,5,5,96,596,581,579,572,569,514,423,427,394,556,3,4,5,5,5,314,423,424,337,364,353,444,464,459,63,6,6,6,148,553,555,436,371,350,357,495,453,450,450,445,270
3,5,5,5,5,5,277,655,645,644,643,647,512,444,441,455,688,659,585,622,549,273,5,5,5,5,5,435,632,637,361,361,354,519,602,508,501,495,488,77
4,5,5,5,5,5,332,576,584,578,574,575,433,407,419,336,358,334,455,553,494,165,5,5,5,5,5,358,576,584,366,357,336,492,558,481,477,473,464,108
5,5,5,5,5,5,565,590,593,609,612,589,393,420,407,589,648,541,534,497,471,5,5,5,5,5,188,575,581,442,370,340,388,633,503,492,470,469,253
5,5,5,5,5,145,612,598,591,591,587,503,426,430,409,665,633,513,564,513,345,5,5,5,5,5,216,569,574,404,362,352,418,639,560,496,491,488,237
5,5,5,5,5,5,396,549,547,563,559,572,415,407,403,319,349,340,504,634,615,116,5,5,5,5,196,542,558,410,334,335,411,642,546,512,510,502,250
3,5,5,5,5,5,5,3,3,147,432,434,437,682,630,500,551,514,309,5,5,5,5,5,242,607,590,436,365,355,431,652,587,538,527,521,241
2,5,5,5,5,5,5,3,3,86,443,437,402,685,668,520,614,524,377,6,6,6,6,6,367,612,605,377,358,349,496,583,496,487,482,477,123
3,5,5,5,5,5,348,646,659,640,642,629,493,432,432,477,682,602,513,527,499,193,5,5,5,5,5,534,634,626,341,360,348,565,579,519,508,504,504,6
5,5,5,5,5,5,441,542,547,551,553,546,397,410,410,313,347,327,515,471,462,48,6,6,6,6,6,486,546,532,316,343,322,553,485,468,464,454,435
4,5,5,5,5,5,291,579,578,579,580,587,454,405,410,335,350,346,441,577,494,201,5,5,5,5,5,347,583,584,376,341,337,484,579,499,494,477,472,124
3,5,5,5,5,5,5,4,4,132,438,436,432,677,663,542,602,540,332,6,6,6,6,6,245,576,572,464,657,581,483,567,501,499,496,495,223
5,6,6,6,6,6,594,629,650,653,643,610,439,446,432,335,336,334,595,574,478,5,5,5,5,5,289,643,635,428,344,342,439,588,463,460,463,461,184
2,6,6,6,6,6,6,656,637,634,638,629,581,428,441,395,631,659,516,577,514,456,6,6,6,6,6,155,610,618,471,370,351,379,650,551,503,494,491,299
4,5,5,5,5,5,492,574,578,580,579,575,390,422,426,313,338,328,544,495,478,22,5,5,5,5,137,574,586,450,348,326,361,624,488,467,456,452,284
3,5,5,5,5,5,4,3,3,240,423,415,468,667,571,504,517,500,183,5,5,5,5,5,383,585,569,349,356,346,501,559,493,481,463,465,100
3,5,5,5,5,5,169,620,609,612,607,609,511,425,427,410,673,642,494,569,514,328,5,5,5,5,5,346,585,589,383,368,350,478,594,501,491,484,473,129
4,5,5,5,5,5,376,578,571,572,570,568,435,408,412,328,351,340,480,528,486,125,5,5,5,5,5,448,570,575,317,341,336,533,533,481,468,462,461,30
4,5,5,5,5,5,323,554,552,551,552,554,431,403,405,330,352,353,469,522,497,149,5,5,5,5,5,300,568,571,379,363,359,438,559,489,481,487,481,159
3,5,5,5,5,5,277,655,645,644,643,647,512,444,441,455,688,659,585,622,549,273,5,5,5,5,5,435,632,637,361,361,354,519,602,508,501,495,488,77
4,5,5,5,5,5,332,576,584,578,574,575,433,407,419,336,358,334,455,553,494,165,5,5,5,5,5,358,576,584,366,357,336,492,558,481,477,473,464,108
5,5,5,5,5,5,565,590,593,609,612,589,393,420,407,589,648,541,534,497,471,5,5,5,5,5,188,575,581,442,370,340,388,633,503,492,470,469,253
3,5,5,5,5,5,171,606,587,584,589,580,493,417,420,358,375,350,369,634,533,340,5,5,5,5,5,248,574,578,411,373,358,436,627,515,510,502,492,211
4,4,4,4,4,4,4,4,172,497,488,497,493,497,426,388,389,405,662,556,456,444,442,256,5,5,5,5,5,5,449,478,453,356,376,324,515,473,469,469,456,412
6,9,9,58,634,612,590,601,623,554,421,425,369,651,625,445,564,475,390,5,5,5,5,5,333,587,600,380,349,341,475,623,499,484,478,475,138
5,5,5,5,5,5,4,4,41,440,439,382,673,664,457,578,495,407,5,5,5,5,5,151,611,612,464,379,354,385,637,507,490,483,481,292
4,5,5,5,5,5,452,570,577,577,570,573,401,421,427,315,341,330,515,514,479,52,5,5,5,5,30,586,586,485,353,335,316,637,491,464,460,463,382
4,4,4,360,398,397,310,345,333,504,471,472,5,5,5,5,5,5,410,517,517,328,362,342,508,504,474,477,473,470,31
3,6,6,6,6,6,473,670,641,622,623,643,450,442,448,536,678,669,591,620,568,118,6,6,6,6,189,610,638,483,388,367,429,657,589,546,532,522,318
3,9,9,9,436,605,620,603,609,609,443,419,426,327,345,329,511,525,467,66,5,5,5,5,172,608,625,448,354,345,364,635,541,481,475,473,263
2,4,4,4,4,4,177,635,629,618,607,617,511,433,438,367,382,363,382,653,535,313,5,5,5,5,5,532,631,615,336,356,353,563,621,525,509,499,481
7,9,9,166,600,589,588,597,593,506,441,430,361,359,331,350,597,467,286,6,6,6,6,6,411,596,598,343,346,331,491,547,454,450,447,441,76
2,6,6,6,6,6,86,630,618,613,610,609,539,428,433,392,648,648,475,569,498,381,6,6,6,6,6,207,603,605,447,385,360,412,620,502,493,487,482,251
2,5,5,5,5,5,65,544,550,551,546,555,502,419,417,359,376,346,325,568,484,370,6,6,6,6,6,77,555,563,461,367,349,348,609,492,473,465,467,344
5,3,3,35,411,414,372,661,627,440,553,485,397,6,6,6,6,6,69,573,563,461,378,365,341,608,493,481,478,463,345
4,6,6,6,6,6,288,565,564,575,568,555,435,417,428,353,371,345,443,570,526,199,6,6,6,6,6,431,579,579,356,350,357,536,563,517,510,495,497,62
5,5,5,5,5,5,580,625,647,636,657,629,435,445,425,338,346,350,574,543,467,5,5,5,5,5,249,658,633,454,362,334,411,635,491,473,457,469,218
4,5,5,5,5,5,4,4,4,292,417,407,318,318,335,488,571,477,102,5,5,5,5,17,563,562,468,354,342,293,623,554,479,473,457,375
4,6,6,6,6,6,4,3,3,241,402,393,325,343,337,439,524,488,165,6,6,6,6,6,397,549,530,321,332,339,515,557,484,471,475,476,72
113,325,441,383,222,490,594,503,448,570,1843,2154,855,502,387,507,412,462,349,525,457,567,363,478,522,544,382,404,493,469,268,495,512,475,328,491,437,487,387,499,375,564,364,467,430,522,310,608,441,436,410,469,348,455,374,519,397,535,420,420,409,414,400,444,412,488,405,570,461,496,469,443,469,533,468,484,364,560,412,442,378,607,381,486,519,458,303,471,394,518,372,454,402,466,447,497,381,497,328,490,430,486,359,501,417,488,436,428,448,465,437,486,469,527,514,476,385,453,355,424,395,518,380,456,337,452,402,428,428,450,393,445,416,572,387,476,449,504,321,572,417,525,398,440,507,453,355,474,416,457,361,501,508,419,42,292,427,432,419,109,399,405,430,603,398,456,480,352,115,347,561,476,456,433,417,422,452,450,599,590,587,585,298,136,98,11
193,976,1983,2030,1994,2001,2010,1989,1987,1996,2003,1272,123,175,106,30,10,10,10,315,173,39,284,84,18,78,16,232,255,39,177,302,411,246
10,297,2561,3119,3138,3133,3136,3150,3124,3118,3135,3142,3130,3108,3122,3120,3131,474,335,298,323,276,2218,1248,338,395,421,356,280,336,338,332,549,2936,351,380,336,331,315,309,329,316,346,315,2390,1066,321,319,327,372,352,293,327,293,296,332,184,42,110,270,241,206,269,235,250,229,178,250,362,345,346,231,230,319,395,412,347,201,269,322,375,362,279,188,205,292,437,345,233,235,317,321,427,229,169,237,221,342,360,232,219,386,346,350,296,169,355,263,431,349,169,402,512,589,593,594,592,228,136,91,23,7
193,976,1983,2030,1994,2001,2010,1989,1987,1996,2003,1272,123,175,106,30,10,10,10,315,173,39,284,84,18,78,16,232,255,39,177,302,411,246
120,292,159,571,140,1852,2147,2162,2153,2142,2120,2119,2161,2140,2154,2136,2130,2150,2123,495,594,567,457,496,574,508,553,556,557,540,551,580,520,583,554,493,514,537,511,497,553,573,652,553,554,586,518,560,603,467,527,577,448,521,551,533,552,529,581,496,523,645,456,495,486,574,571,485,503,499,497,476,545,450,434,530,512,475,558,561,472,592,395,521,556,479,487,536,533,549,680,509,549,617,461,468,622,557,528,656,563,535,514,503,490,570,476,442,621,464,470,556,525,509,567,542,484,578,569,623,621,535,438,619,513,544,593,539,542,664,540,507,596,470,442,578,410,523,578,502,441,591,466,518,508,527,508,567,452,519,616,546,478,573,520,499,641,608,495,595,517,499,539,488,598,591,116,285,368,406,365,69,351,606,436,433,684,399,399,405,400,125,313,407,513,577,357,367,365,393,397,461,558,544,540,537,75,118,25
181,332,406,208,324,414,510,400,623,503,1467,2094,2146,2106,2124,2121,2155,2091,804,364,544,435,531,432,507,458,407,443,549,374,497,363,645,352,489,427,552,412,466,417,554,392,566,388,574,377,501,405,570,476,389,438,507,390,527,447,456,468,450,376,548,427,442,401,527,425,463,432,597,379,511,433,525,344,430,425,586,464,459,418,541,433,499,428,539,444,500,468,482,355,472,428,536,473,491,439,509,371,458,389,479,400,504,409,504,409,398,367,508,444,412,359,491,428,493,415,523,457,503,347,486,457,458,435,459,430,530,319,601,409,475,423,400,456,406,416,473,376,458,394,476,413,494,438,502,414,495,434,461,448,488,433,414,418,126,284,382,381,397,151,325,396,465,392,369,377,384,246,165,313,440,401,471,336,369,371,400,386,511,528,524,520,349,80,92
97,258,457,207,391,649,2055,2089,2107,2097,2103,626,474,480,434,389,538,461,535,450,466,458,517,440,487,455,536,480,472,422,484,479,547,488,434,385,480,429,505,447,510,386,539,409,531,450,502,424,456,372,449,446,446,492,513,351,534,403,492,389,432,428,500,435,466,426,550,415,483,393,443,473,425,398,476,392,487,413,430,350,452,420,511,349,444,402,469,468,403,408,525,395,390,360,453,402,451,392,521,393,469,502,484,426,465,471,417,490,346,432,486,427,520,408,486,407,382,436,463,361,461,429,453,440,515,455,455,393,411,404,490,403,497,541,474,420,404,333,503,423,420,542,516,405,437,446,471,395,479,38,361,362,400,367,67,328,476,373,416,385,379,386,203,148,407,505,512,350,375,359,366,379,392,509,490,483,479,136,97,56,10,10,10,10
59,239,507,188,367,276,576,689,522,666,1197,2151,2099,2145,2094,2197,2082,2140,2081,770,504,575,430,502,570,498,427,456,427,512,427,560,482,451,433,554,348,507,348,502,370,557,337,498,388,500,379,483,378,490,450,528,389,503,385,525,356,505,331,533,381,434,380,487,318,480,405,485,384,517,331,523,397,493,316,624,434,445,416,464,350,474,357,445,437,554,348,500,380,504,342,559,360,540,390,599,384,531,429,482,433,502,447,530,425,464,428,486,363,523,421,490,411,529,348,470,443,595,303,528,411,493,396,530,419,499,415,496,450,511,418,654,395,484,340,520,387,454,462,548,385,464,440,495,363,536,406,536,335,517,424,526,416,476,77,188,359,376,384,150,328,569,637,537,287,365,373,371,141,279,566,573,520,355,350,339,351,370,379,459,456,452,449,166,120,107,10,10,10,10,10
139,366,216,741,120,574,505,648,561,908,2116,2249,2092,2190,2139,2162,2142,2185,1316,607,441,624,597,664,464,681,516,587,504,557,528,639,400,593,396,598,567,575,576,653,565,619,463,642,597,582,453,530,483,595,515,704,616,636,557,636,503,598,564,576,484,666,433,584,499,649,584,656,580,677,482,582,558,650,555,646,563,637,582,641,464,683,545,631,613,706,469,680,447,578,499,639,478,653,510,637,389,617,425,652,452,612,593,623,503,615,489,637,432,631,551,645,575,550,534,596,559,624,493,644,561,620,585,569,539,577,512,624,456,642,520,506,577,657,498,587,506,583,568,659,438,583,491,583,525,613,582,549,500,691,436,559,425,297,204,370,38,217,25,37,96,27,36,300,100,307,282,353,402,238,297,482,423,681,338,354,388,301,108,425,507,481,511,329,330,345,374,360,467,473,471,468,325,64,192,10
49,178,586,234,571,384,2164,2118,1802,2205,2147,2122,2204,2169,2148,2188,2199,2174,2188,1871,583,632,582,476,527,540,474,705,605,551,630,510,460,645,477,478,610,556,662,629,611,488,617,560,577,721,528,517,642,539,460,728,570,514,566,528,476,593,500,532,589,517,589,726,473,547,541,591,465,659,461,589,638,611,437,689,611,495,571,568,475,589,471,507,580,467,441,739,510,460,538,547,471,652,516,529,623,464,524,616,536,461,604,506,458,709,554,444,627,487,487,698,446,460,572,464,499,535,503,445,677,460,508,529,512,529,643,527,459,649,439,480,648,486,440,571,446,375,632,532,545,648,603,433,673,563,523,654,529,514,642,459,481,682,496,461,574,458,481,644,488,490,803,466,484,587,391,161,459,32,94,13,41,73,13,41,289,54,229,318,347,423,340,124,347,474,564,335,367,411,394,123,189,452,436,536,364,376,381,414,406,496,569,576,571,567,44,129,35,11
151,426,487,578,2084,2122,2124,1706,391,451,319,426,388,492,391,534,405,429,396,502,330,458,427,384,324,398,393,460,359,451,372,499,319,415,418,469,392,470,473,407,391,436,316,412,353,447,425,432,337,430,464,427,390,454,432,368,356,432,382,416,353,477,412,475,372,415,401,466,392,506,441,512,390,458,443,508,389,395,469,485,348,445,451,449,404,456,358,475,324,480,400,453,340,472,382,425,321,491,309,428,365,448,380,393,383,422,361,435,252,477,436,423,302,322,329,429,304,446,322,431,331,446,367,434,281,389,435,426,323,454,261,95,45,46,65,48,281,61,89,94,18,170,285,508,528,177,68,110,33,111,103,29,33,246,96,283,375,363,389,194,296,385,399,412,406,283,116,241,264,355,459,187,24,217,366,345,336,356,373,379,463,473,475,485,264,142,51,10
44,230,499,130,565,319,530,651,589,736,1259,2169,2112,2151,2135,2175,2155,2157,2086,2192,579,639,451,533,455,642,487,660,548,537,417,589,520,586,428,657,523,708,511,571,506,547,494,556,475,613,402,628,549,703,400,598,435,674,519,611,330,573,415,622,554,607,420,595,506,641,430,572,491,616,439,543,444,570,369,514,564,615,455,632,506,546,395,555,470,572,433,660,509,608,409,577,484,656,381,594,427,572,491,646,481,510,472,530,554,571,401,633,508,616,411,629,583,593,408,594,430,581,490,663,569,621,458,550,509,688,425,651,533,551,449,613,442,572,495,546,494,553,389,618,490,586,430,589,576,566,496,534,487,619,455,660,553,644,45,308,380,396,391,158,398,438,436,491,364,366,382,191,268,455,459,600,350,394,331,349,370,402,382,491,512,511,508,386,89,170,10
33,149,429,224,533,1174,2119,2085,2196,2159,2150,2111,1646,554,478,415,491,612,550,527,529,471,459,513,565,584,473,513,557,487,517,533,541,528,514,467,555,492,493,556,560,451,509,529,573,496,521,470,591,536,596,509,578,585,496,454,489,504,615,445,532,540,581,446,526,559,561,536,653,597,567,447,584,511,563,503,605,573,573,471,530,579,545,483,595,432,518,520,545,653,610,510,555,466,607,552,574,529,522,439,580,487,552,496,557,500,606,466,649,514,500,489,490,531,573,473,590,534,576,500,635,612,593,571,569,442,546,522,569,528,612,625,544,517,592,506,555,562,432,511,537,356,212,316,386,414,330,191,455,554,629,357,373,408,384,120,411,564,538,534,381,353,355,373,385,392,492,503,501,499,213,137,110,11,11
19,191,494,612,667,676,667,564,574,1027,1975,1966,2144,2052,1994,1968,2006,1956,2086,2106,2118,2126,2140,2102,2056,2088,2117,2082,2184,2116,2041,2151,2096,2055,2113,2070,2018,2127,2154,512,639,517,481,513,462,519,479,549,473,614,691,524,492,556,643,527,521,703,490,548,498,560,593,560,561,581,540,498,663,673,487,585,630,668,583,214,276,174,282,272,51,401,511,667,656,315,252,223,422,236,17,245,477,577,638,359,283,166,297,270,363,570,598,589,606,648,357,19,164
93,435,561,427,536,536,1609,2020,2011,1953,2024,1931,2039,2099,2123,2072,1938,553,439,498,561,351,419,529,472,533,475,480,458,428,517,563,327,516,513,482,513,389,584,492,503,583,419,560,222,227,327,452,157,197,444,472,423,409,238,300,405,182,17,392,553,498,454,258,284,338,476,583,593,585,637,586,23
68,459,651,547,522,669,1238,2062,1957,2010,2041,2047,1964,1998,2078,2073,2075,2077,2198,2061,1109,523,570,683,584,547,640,510,588,578,502,629,552,539,653,499,578,651,636,511,552,484,536,508,575,625,619,469,290,260,267,419,235,221,486,429,466,458,291,275,250,412,279,17,358,594,481,455,275,321,226,360,568,560,571,577,639,376,18
101,247,406,428,471,417,421,448,539,519,1769,1930,1986,1996,1908,1964,1838,1965,2050,2020,1962,2002,2044,1542,414,456,399,418,527,363,495,509,547,566,331,497,385,409,466,417,529,471,405,405,441,350,425,426,518,390,376,348,407,489,348,234,261,392,344,18,272,404,510,560,331,298,269,306,442,293,18,173,421,501,428,522,314,335,282,281,265,404,562,683,661,672,766,471,21
346,427,680,535,536,943,2064,1986,1963,2036,2025,1989,1786,2099,2051,2091,2024,2008,2080,2087,2063,2012,2103,2022,2045,2167,2071,2045,2121,2013,2007,1247,533,498,513,452,544,524,454,451,464,491,508,628,581,446,590,505,345,447,485,517,502,578,484,625,538,469,539,523,497,486,593,547,414,222,224,314,208,154,638,501,548,420,262,318,219,317,336,62,111,473,511,633,401,323,199,290,261,351,506,585,582,590,649,411,19
182,461,477,485,577,351,2031,2009,2071,1998,1863,2049,2105,2049,2076,2030,1345,432,521,453,513,387,463,475,484,479,565,455,475,489,487,531,517,451,365,524,485,506,515,508,474,541,517,509,294,293,216,330,421,19,394,553,594,589,366,319,202,267,426,186,17,550,615,578,623,190,244,165,368,472,593,576,590,649,431,20
182,461,477,485,577,351,2031,2009,2071,1998,1863,2049,2105,2049,2076,2030,1345,432,521,453,513,387,463,475,484,479,565,455,475,489,487,531,517,451,365,524,485,506,515,508,474,541,517,509,294,293,216,330,421,19,394,553,594,589,366,319,202,267,426,186,17,550,615,578,623,190,244,165,368,472,593,576,590,649,431,20
406,536,717,571,340,788,1974,2008,2025,1982,2044,1933,1884,2054,2035,2028,2043,2043,2097,2028,2062,2110,2021,2034,2102,2047,2053,2137,2011,2032,567,590,476,531,481,483,634,512,505,400,518,497,497,448,606,503,625,566,549,504,583,581,486,515,621,534,511,516,680,572,530,523,367,276,198,293,292,52,336,488,424,414,260,230,252,326,312,18,388,479,550,430,194,158,152,188,310,326,598,601,599,621,645,225,16,16
225,439,588,544,601,510,1922,1943,2021,1968,1851,2020,2040,2034,2028,2007,424,448,350,410,540,437,484,499,423,421,489,441,466,466,465,536,439,443,471,355,543,496,426,452,444,508,399,529,193,284,255,331,307,87,515,530,474,465,296,230,245,343,337,17,156,481,516,607,307,233,252,331,464,571,558,562,604,425,20,16,16
115,282,404,435,554,462,515,410,446,534,1736,1866,1884,1886,1958,1901,2016,2012,1990,2011,2000,2002,1988,713,433,398,581,386,496,460,432,487,503,492,502,460,496,402,460,437,414,493,500,450,522,403,471,559,462,459,431,560,377,614,274,256,178,411,412,19,359,454,562,470,379,275,244,294,396,201,17,344,411,560,458,446,313,204,237,325,579,568,575,623,663,107,17,16
139,332,1688,2018,1935,2007,1992,1957,2039,1944,1981,2005,1986,2000,1960,1938,2083,1956,1969,2032,2063,1011,545,551,496,523,476,384,460,432,468,552,454,508,353,390,549,438,429,463,272,275,233,208,147,228,292,614,177,300,264,252,264,267,18,237,384,289,553,330,209,204,302,443,543,540,563,598,257,16,16
81,450,394,549,513,785,670,528,453,557,1945,1911,1947,1929,1969,1985,1988,1805,2093,2051,2000,2070,2077,2043,2055,1973,2094,2006,2099,2152,1989,2080,2064,2090,2134,2028,2034,2020,2026,691,471,559,488,566,522,573,516,502,755,607,526,442,667,608,520,542,477,531,600,470,688,628,580,567,622,530,587,502,577,709,526,533,698,601,552,351,276,179,284,266,66,459,631,697,545,292,192,277,372,191,17,399,420,527,472,210,237,226,333,283,344,496,583,587,618,675,383,18,16
50,447,527,547,479,583,1059,1996,1963,1959,1946,2014,2038,2091,2002,2037,504,458,430,437,554,440,454,447,507,326,497,525,487,509,523,417,449,458,525,536,452,408,538,426,438,525,438,376,162,295,217,299,557,21,436,606,585,590,376,238,266,447,205,17,616,631,636,575,267,301,136,16,16
170,231,245,300,373,655,608,608,644,656,164,20,17,16
113,289,447,537,448,399,571,467,428,464,1515,2005,1915,1944,1913,1995,1922,2007,2009,1997,2034,2015,2015,769,450,420,423,373,459,447,409,598,472,518,476,325,415,420,365,470,422,456,359,421,335,440,410,379,382,507,454,417,239,221,247,386,230,19,395,471,588,640,308,300,186,340,450,22,46,430,493,452,446,231,287,325,404,668,694,696,719,745,119,16,16
62,303,1161,1946,1977,1926,1945,1979,1952,2023,1925,1937,1888,1938,2014,1969,1990,1983,1943,1990,1977,1746,466,447,418,396,367,413,338,351,285,496,467,331,355,358,435,384,557,418,249,280,260,210,289,56,389,411,425,354,339,558,413,527,583,235,195,301,442,616,597,588,639,591,21,16,16
310,505,659,461,610,723,1897,2040,1961,2071,2047,2044,1962,1938,2072,2085,2070,2056,2118,2167,2118,1234,643,593,689,495,593,598,537,686,516,539,614,563,644,586,570,661,634,595,490,598,595,647,682,458,502,712,547,643,242,307,324,161,331,453,20,410,536,513,536,375,198,276,403,377,18,314,506,532,544,451,254,298,172,357,497,643,616,631,674,456,19,16,16
72,516,417,639,596,605,561,529,1089,2006,2030,2083,1934,1954,1983,1899,2102,2104,2070,2061,2062,2095,769,585,532,537,590,564,607,544,502,646,507,576,436,452,559,584,452,576,554,485,558,612,512,552,482,486,555,535,506,276,286,284,258,389,419,162,557,586,476,508,301,168,345,459,56,161,557,698,599,444,265,269,279,227,380,516,588,604,607,661,408,19,16,17
456,525,739,589,510,525,1867,2016,2014,1961,1973,1990,2009,2101,1996,2192,2087,2137,2083,2092,2076,2154,2120,2084,2075,2138,2128,2054,2120
1980,1288,474,593,495,609,533,656,631,489,694,604,632,478,639,616,489,553,483,520,509,526,575,732,530,569,414,704,634,526,523,614,689,656,551,513,579,657,649,198,195,191,282,158,178,579,486,506,504,242,224,349,471,21,109,510,603,686,453,212,235,265,354,612,590,608,659,653,109,16,16
125,291,328,644,554,442,558,568,568,455,1586,1968,2140,1956,1943,2017,1984,1902,2146,2131,2097,2058,2145,2105,2033,2060,569,567,677,482,515,602,630,686,624,587,592,495,627,628,608,536,642,501,689,562,488,533,540,637,553,646,597,502,690,604,667,650,384,290,198,326,494,20,540,658,629,702,756,348,282,243,324,396,19,338,631,614,766,700,245,207,275,382,208,123,565,721,650,716,407,271,299,201,332,234,19,166,600,774,776,737,368,290,219,357,497,558,579,629,667,429,19,16,16
322,348,478,457,617,471,395,444,431,909,1989,1911,1914,1980,1896,1905,1964,2048,1996,1956,1944,2047,2055,1977,483,462,464,416,604,268,452,517,385,555,395,504,513,367,447,475,412,457,466,290,545,495,573,466,414,457,474,421,465,310,256,187,344,459,20,232,426,411,401,429,236,300,422,239,17,285,344,466,463,412,311,192,282,307,408,588,724,707,705,805,528,18,16
186,330,394,520,522,793,688,526,637,573,1168,1960,2029,2025,2010,1950,1946,2065,2012,2068,2090,2114,2152,2197,2113,2105,856,573,607,640,710,463,675,594,643,582,592,507,492,715,532,655,660,518,573,575,642,597,514,606,537,535,647,664,574,458,605,305,265,411,419,279,88,491,500,508,575,219,245,237,453,309,18,241,593,516,610,389,268,288,273,300,416,594,695,685,682,706,322,18,16,16
20,347,390,506,647,536,518,547,1092,1982,1934,1996,1974,2004,2012,2025,2063,2039,2093,2076,2032,1448,503,522,472,630,487,531,529,516,545,551,409,587,488,483,646,398,506,549,475,522,522,537,456,515,544,532,559,329,292,189,333,319,18,380,483,516,367,295,275,248,329,366,20,229,507,355,573,325,318,294,219,315,442,572,577,586,652,490,21,16,16
445,588,725,561,426,962,1887,1920,1895,1949,1839,2033,1978,2021,2012,2010,2013,1997,2093,2014,2072,2072,2062,2002,2110,2010,1902,556,455,483,502,440,395,524,577,494,419,511,545,552,396,470,565,383,452,523,405,485,451,498,497,484,490,432,441,395,526,548,498,468,456,212,211,300,293,70,346,466,475,408,270,185,345,481,19,215,516,566,502,132,232,253,340,517,591,618,653,641,296,16,16
86,52,27,26,16,16,16,197,445,602,542,544,591,989,2041,2001,2119,2108,2117,2104,1999,2099,2111,2180,2261,2207,2199,2190,2206,2171,2209,2187,2141,2110,2135,2106,2143,2212,2220,2158,2150,2220,1828,694,586,704,642,534,613,693,641,519,723,680,716,650,602,591,675,569,718,794,737,657,516,718,726,597,723,774,538,596,567,683,625,615,193,204,198,265,107,346,585,784,702,495,208,183,345,403,62,487,541,597,675,294,201,282,409,152,363,623,533,614,346,196,234,332,338,18,346,700,653,644,466,274,211,332,284,374,571,599,603,659,609,22,16,16
337,445,531,520,459,438,646,420,1910,2098,1988,2100,2077,2110,2153,2243,2107,2189,2172,2111,2195,1463,752,583,490,662,658,620,639,544,674,642,616,526,664,429,612,695,766,590,680,587,536,732,551,573,472,493,562,560,691,500,284,193,329,462,21,420,576,677,686,379,231,224,338,460,18,362,641,592,642,563,242,202,356,446,31,525,665,555,581,382,263,230,350,407,22,182,576,756,881,548,499,274,234,239,310,349,619,585,599,626,641,233,17,16
241,333,415,570,506,372,488,508,454,454,1774,1987,1980,2014,2009,1943,2063,2083,2075,2022,2105,925,409,438,541,450,453,457,463,401,384,570,475,448,616,511,303,408,587,443,387,479,451,379,431,459,414,418,458,402,433,442,388,463,280,192,269,482,122,111,440,486,489,371,320,252,196,386,352,21,206,348,510,510,569,259,236,286,306,346,526,608,596,617,678,368,19,17,17
118,515,461,367,501,532,1632,2066,1948,2028,1848,1995,2055,1998,2020,733,477,517,406,454,512,528,467,474,411,512,362,387,343,466,424,299,523,540,460,483,443,391,491,362,515,438,428,269,194,284,389,95,334,441,454,411,272,183,332,419,167,29,461,552,547,395,259,327,192,313,379,542,558,585,633,547,23,17,17
244,439,720,606,559,576,592,440,1524,2045,1988,1996,2046,2080,2115,2148,2094,2096,2106,2103,2086,2163,2112,2118,2184,2213,2115,2155,2082,2089,2172,2116,2119,2149,2087,1985,593,595,584,594,650,532,532,466,500,667,466,543,475,607,616,416,627,539,476,518,600,572,521,522,705,602,519,574,621,609,517,556,604,721,625,669,572,637,252,234,127,436,550,562,514,496,255,211,342,327,38,156,558,554,657,404,269,174,297,383,569,584,585,638,623,25,17,17
348,553,524,474,523,693,1933,1970,2049,2036,1861,2106,2024,2066,2058,2000,2031,2098,2010,2065,2094,2025,2012,2071,2056,2045,2044,467,490,496,404,368,459,468,501,394,421,636,473,495,540,593,533,454,491,573,654,499,467,570,503,429,504,586,562,443,405,501,538,522,478,519,497,204,197,268,284,71,505,490,589,595,211,176,265,386,145,17,474,518,579,403,220,179,252,392,555,569,580,625,596,24,16,16
26,27,21,16,16,16,16,124,389,457,617,456,565,604,431,1665,1984,1933,1937,1980,1967,2029,2075,2079,2048,2079,2065,615,474,505,464,466,421,421,624,521,566,508,452,555,491,450,440,544,462,544,505,429,531,512,454,382,420,423,458,469,476,430,382,220,191,360,288,130,485,509,589,656,386,234,176,365,442,20,101,515,614,748,593,405,249,163,278,354,411,642,609,608,646,650,24,16,16
115,426,562,402,459,421,1554,1994,1962,1959,1788,2060,2032,2042,2018,1326,390,470,347,394,484,459,390,387,524,497,505,441,477,360,482,416,421,409,504,488,469,444,460,409,498,370,380,243,223,237,386,264,178,455,436,528,351,333,181,350,493,22,116,421,585,425,328,246,217,303,381,671,611,618,666,651,25,17,17
235,506,579,439,585,581,1944,1975,2080,2041,2054,1973,1971,2107,2100,2096,2138,2085,2133,2088,2074,2125,2076,2101,2059,2088,2100,2151,2091,2120,2121,1572,630,426,563,491,675,553,572,493,609,532,543,456,555,604,536,479,574,627,588,491,494,531,552,493,502,491,530,451,530,590,541,567,478,583,541,264,243,232,289,189,169,668,567,597,275,294,178,322,496,21,83,481,553,629,359,269,215,283,364,546,567,582,617,584,23,16,16
189,305,1098,1803,1973,1975,2041,1951,1983,1987,1418,437,291,447,458,504,487,381,316,424,435,433,483,384,349,367,446,423,482,203,266,277,81,419,436,592,432,150,125,598,662,481,290,256,263,174,289,234,18,16
346,397,390,488,517,556,597,484,448,483,1715,1947,2078,1900,1963,1951,1877,2027,1990,2070,2014,2008,2083,2016,2012,1243,532,479,503,468,460,452,500,505,541,430,455,524,474,480,579,430,469,479,424,522,438,462,460,371,503,488,409,469,447,365,351,289,193,50,419,502,474,608,478,311,211,65,194,679,513,542,502,426,312,350,157,298,279,365,450,632,636,638,711,509,22,16,16